-9.9 1.5354e-43 3.91842e-22 0
-9.7 7.73851e-42 2.78182e-21 0
-9.5 3.60038e-40 1.89747e-20 0
-9.3 1.54631e-38 1.24351e-19 0
-9.1 6.13054e-37 7.82978e-19 0
-8.9 2.24367e-35 4.73674e-18 0
-8.7 7.58011e-34 2.7532e-17 0
-8.5 2.36401e-32 1.53753e-16 0
-8.3 6.80578e-31 8.24972e-16 0
-8.1 1.80869e-29 4.25287e-15 0
-7.9 4.43717e-28 2.10646e-14 0
-7.7 1.00486e-26 1.00243e-13 0
-7.5 2.10068e-25 4.58332e-13 0
-7.3 4.05389e-24 2.01343e-12 0
-7.1 7.22171e-23 8.49807e-12 0
-6.9 1.18759e-21 3.44614e-11 0
-6.7 1.80279e-20 1.34268e-10 0
-6.5 2.52629e-19 5.02622e-10 0
-6.3 3.26796e-18 1.80775e-09 0
-6.1 3.90236e-17 6.24689e-09 0
-5.9 4.30164e-16 2.07404e-08 0
-5.7 4.37721e-15 6.61605e-08 0
-5.5 4.11166e-14 2.02772e-07 0
-5.3 3.56528e-13 5.97099e-07 0
-5.1 2.85381e-12 1.68932e-06 0
-4.9 2.1087e-11 4.59206e-06 0
-4.7 1.43833e-10 1.19931e-05 0
-4.5 9.05653e-10 3.00941e-05 0
-4.3 5.26405e-09 7.25538e-05 0
-4.1 2.82446e-08 0.000168061 0
-3.9 1.39896e-07 0.000374027 0
-3.7 6.39637e-07 0.000799773 0
-3.5 2.69971e-06 0.00164308 0
-3.3 1.05186e-05 0.00324324 0
-3.1 3.78316e-05 0.00615074 0
-2.9 0.000125605 0.0112074 0
-2.7 0.000384962 0.0196205 0
-2.5 0.00108914 0.0330022 0
-2.3 0.00284451 0.0533339 0
-2.1 0.00685782 0.082812 0
-1.9 0.0152624 0.123541 0
-1.7 0.0313555 0.177075 0
-1.5 0.0594651 0.243855 0
-1.3 0.104104 0.322652 0
-1.1 0.16824 0.41017 0
-0.9 0.250984 0.500983 0
-0.7 0.345637 0.587909 0
-0.5 0.439391 0.662866 0
-0.3 0.51563 0.718074 0
-0.1 0.558576 0.747379 0
0.1 0.558576 0.747379 0
0.3 0.51563 0.718074 0
0.5 0.439391 0.662866 0
0.7 0.345637 0.587909 0
0.9 0.250984 0.500983 0
1.1 0.16824 0.41017 0
1.3 0.104104 0.322652 0
1.5 0.0594651 0.243855 0
1.7 0.0313555 0.177075 0
1.9 0.0152624 0.123541 0
2.1 0.00685782 0.082812 0
2.3 0.00284451 0.0533339 0
2.5 0.00108914 0.0330022 0
2.7 0.000384962 0.0196205 0
2.9 0.000125605 0.0112074 0
3.1 3.78316e-05 0.00615074 0
3.3 1.05186e-05 0.00324324 0
3.5 2.69971e-06 0.00164308 0
3.7 6.39637e-07 0.000799773 0
3.9 1.39896e-07 0.000374027 0
4.1 2.82446e-08 0.000168061 0
4.3 5.26405e-09 7.25538e-05 0
4.5 9.05653e-10 3.00941e-05 0
4.7 1.43833e-10 1.19931e-05 0
4.9 2.1087e-11 4.59206e-06 0
5.1 2.85381e-12 1.68932e-06 0
5.3 3.56528e-13 5.97099e-07 0
5.5 4.11166e-14 2.02772e-07 0
5.7 4.37721e-15 6.61605e-08 0
5.9 4.30164e-16 2.07404e-08 0
6.1 3.90236e-17 6.24689e-09 0
6.3 3.26796e-18 1.80775e-09 0
6.5 2.52629e-19 5.02622e-10 0
6.7 1.80279e-20 1.34268e-10 0
6.9 1.18759e-21 3.44614e-11 0
7.1 7.22171e-23 8.49807e-12 0
7.3 4.05389e-24 2.01343e-12 0
7.5 2.10068e-25 4.58332e-13 0
7.7 1.00486e-26 1.00243e-13 0
7.9 4.43717e-28 2.10646e-14 0
8.1 1.80869e-29 4.25287e-15 0
8.3 6.80578e-31 8.24972e-16 0
8.5 2.36401e-32 1.53753e-16 0
8.7 7.58011e-34 2.7532e-17 0
8.9 2.24367e-35 4.73674e-18 0
9.1 6.13054e-37 7.82978e-19 0
9.3 1.54631e-38 1.24351e-19 0
9.5 3.60038e-40 1.89747e-20 0
9.7 7.73851e-42 2.78182e-21 0
9.9 1.5354e-43 3.91842e-22 0

-9.9 9.11785e-46 3.01958e-23 0
-9.7 1.48494e-43 3.8535e-22 0
-9.5 1.56139e-41 3.95144e-21 0
-9.3 1.21779e-39 3.48969e-20 0
-9.1 7.65419e-38 2.76662e-19 0
-8.9 4.04221e-36 2.01053e-18 0
-8.7 1.8384e-34 1.35587e-17 0
-8.5 7.31694e-33 8.55391e-17 0
-8.3 2.57716e-31 5.07658e-16 0
-8.1 8.0988e-30 2.84584e-15 0
-7.9 2.28482e-28 1.51156e-14 0
-7.7 5.81469e-27 7.62541e-14 0
-7.5 1.34002e-25 3.66063e-13 0
-7.3 2.80517e-24 1.67486e-12 0
-7.1 5.34778e-23 7.31285e-12 0
-6.9 9.30418e-22 3.05028e-11 0
-6.7 1.47994e-20 1.21653e-10 0
-6.5 2.15536e-19 4.64259e-10 0
-6.3 2.8778e-18 1.69641e-09 0
-6.1 3.52642e-17 5.93836e-09 0
-5.9 3.96955e-16 1.99237e-08 0
-5.7 4.10797e-15 6.40934e-08 0
-5.5 3.91097e-14 1.97762e-07 0
-5.3 3.42741e-13 5.85441e-07 0
-5.1 2.76623e-12 1.6632e-06 0
-4.9 2.05699e-11 4.53541e-06 0
-4.7 1.4098e-10 1.18735e-05 0
-4.5 8.90833e-10 2.98468e-05 0
-4.3 5.19111e-09 7.20494e-05 0
-4.1 2.79026e-08 0.000167041 0
-3.9 1.38365e-07 0.000371974 0
-3.7 6.33098e-07 0.000795675 0
-3.5 2.6732e-06 0.00163499 0
-3.3 1.04172e-05 0.00322757 0
-3.1 3.7468e-05 0.00612111 0
-2.9 0.000124391 0.0111531 0
-2.7 0.000381201 0.0195244 0
-2.5 0.00107838 0.0328386 0
-2.3 0.00281609 0.0530669 0
-2.1 0.00678876 0.0823939 0
-1.9 0.0151078 0.122914 0
-1.7 0.0310374 0.176174 0
-1.5 0.0588621 0.242615 0
-1.3 0.103051 0.321016 0
-1.1 0.166545 0.4081 0
-0.9 0.248469 0.498467 0
-0.7 0.342192 0.584971 0
-0.5 0.43503 0.659568 0
-0.3 0.51053 0.714514 0
-0.1 0.55306 0.74368 0
0.1 0.55306 0.74368 0
0.3 0.51053 0.714514 0
0.5 0.43503 0.659568 0
0.7 0.342192 0.584971 0
0.9 0.248469 0.498467 0
1.1 0.166545 0.4081 0
1.3 0.103051 0.321016 0
1.5 0.0588621 0.242615 0
1.7 0.0310374 0.176174 0
1.9 0.0151078 0.122914 0
2.1 0.00678876 0.0823939 0
2.3 0.00281609 0.0530669 0
2.5 0.00107838 0.0328386 0
2.7 0.000381201 0.0195244 0
2.9 0.000124391 0.0111531 0
3.1 3.7468e-05 0.00612111 0
3.3 1.04172e-05 0.00322757 0
3.5 2.6732e-06 0.00163499 0
3.7 6.33098e-07 0.000795675 0
3.9 1.38365e-07 0.000371974 0
4.1 2.79026e-08 0.000167041 0
4.3 5.19111e-09 7.20494e-05 0
4.5 8.90833e-10 2.98468e-05 0
4.7 1.4098e-10 1.18735e-05 0
4.9 2.05699e-11 4.53541e-06 0
5.1 2.76623e-12 1.6632e-06 0
5.3 3.42741e-13 5.85441e-07 0
5.5 3.91097e-14 1.97762e-07 0
5.7 4.10797e-15 6.40934e-08 0
5.9 3.96955e-16 1.99237e-08 0
6.1 3.52642e-17 5.93836e-09 0
6.3 2.8778e-18 1.69641e-09 0
6.5 2.15536e-19 4.64259e-10 0
6.7 1.47994e-20 1.21653e-10 0
6.9 9.30418e-22 3.05028e-11 0
7.1 5.34778e-23 7.31285e-12 0
7.3 2.80517e-24 1.67486e-12 0
7.5 1.34002e-25 3.66063e-13 0
7.7 5.81469e-27 7.62541e-14 0
7.9 2.28482e-28 1.51156e-14 0
8.1 8.0988e-30 2.84584e-15 0
8.3 2.57716e-31 5.07658e-16 0
8.5 7.31694e-33 8.55391e-17 0
8.7 1.8384e-34 1.35587e-17 0
8.9 4.04221e-36 2.01053e-18 0
9.1 7.65419e-38 2.76662e-19 0
9.3 1.21779e-39 3.48969e-20 0
9.5 1.56139e-41 3.95144e-21 0
9.7 1.48494e-43 3.8535e-22 0
9.9 9.11785e-46 3.01958e-23 0
